OurTrench
33.98
-5.35
0.0
0.0
5.0
25.84
-10.95
0.0
5.0
5.0
17.76
-11.1
0.0
5.0
5.0
32.41
-5.35
0.0
0.0
5.0
Squiggle
32.71
-6.85
0.0
0.0
5.0
24.41
-6.37
-0.3671738338182192
5.0
5.0
22.04
-2.12
-1.6359214901292827
5.0
5.0
25.57
2.05
-1.5707963267948966
5.0
5.0
32.52
-3.4
-0.06114816264930121
0.0
5.0
Wonky
30.61
-5.2
0.0
0.0
5.0
22.94
-5.46
-0.9380474917927134
5.0
6.0
26.59
-5.88
0.6177557255662326
5.0
5.0
28.2
-1.26
0.333945071844894
6.0
6.0
23.85
-0.39
-0.2914567944778671
6.0
6.0
30.57
-5.16
-0.0
0.0
6.0
UNIT_TEST_STRAIGHT_LINE
0.0
0.0
0.0
0.0
12.5
27.0
0.0
0.0
0.0
12.2
Yoink
30.45
11.13
0.0
0.0
12.2
23.62
11.13
-0.15431877592611903
12.2
12.2
34.32
-0.39
-0.2872814533971342
0.0
12.2
Loop
32.33
-5.43
0.0
0.0
12.2
25.72
-6.67
-0.10168885176307704
6.0
12.2
21.97
-3.25
-1.5904016576521014
6.0
6.0
24.56
0.77
-2.972491427588416
6.0
6.0
32.93
-1.63
2.7776136970801493
0.0
6.0
