OurTrench
33.98
-5.35
-0.0
0.0
5.0
25.84
-10.95
0.0
3.0
8.0
33.95
-5.39
0.046478131351002934
0.0
3.0
Squiggle
32.71
-6.85
0.0
0.0
5.0
24.41
-6.37
-0.3671738338182192
5.0
5.0
22.04
-2.12
-1.6359214901292827
5.0
5.0
25.57
2.05
-1.5707963267948966
5.0
5.0
32.52
-3.4
-0.06114816264930121
0.0
5.0
Wonky
30.61
-5.2
0.0
0.0
5.0
22.94
-5.46
-0.9380474917927134
5.0
6.0
26.59
-5.88
0.6177557255662326
5.0
5.0
28.2
-1.26
0.333945071844894
6.0
6.0
23.85
-0.39
-0.2914567944778671
6.0
6.0
30.57
-5.16
-0.0
0.0
6.0
T_LINE_27_FT
0.0
0.0
0.0
0.0
12.5
27.0
0.0
0.0
0.0
12.2
Yoink
30.45
11.13
0.0
0.0
12.2
23.62
11.13
-0.15431877592611903
12.2
12.2
34.17
-2.16
-1.3101939350475558
0.0
12.2
Loop
32.33
-5.43
0.0
0.0
12.2
25.72
-6.67
-0.10168885176307704
6.0
12.2
21.97
-3.25
-1.5904016576521014
6.0
6.0
24.56
0.77
-2.972491427588416
6.0
6.0
32.93
-1.63
2.7776136970801493
0.0
6.0
T_90DEG_12FT
0.0
0.0
0.0
0.0
12.2
7.0
7.0
1.5699236621688994
0.0
5.0
T_180DEG_24FT
0.0
-12.0
0.0
0.0
12.2
12.0
0.0
1.5707961522619713
12.2
12.2
0.0
12.0
3.139847324337799
0.0
12.2
T_LINE_10_FT
0.0
0.0
0.0
0.0
12.5
10.0
0.0
0.0
0.0
5.5
T_LINE_F10FT_L90DEG_F5FT_R5FT
0.0
0.0
0.0
0.0
12.5
10.0
5.0
1.5690509975429023
5.0
5.5
10.0
0.0
1.5707963267948966
0.0
5.0
Kate_test_path
30.0
-6.0
-3.141592653589793
0.0
5.0
23.0
-11.0
-3.141592653589793
1.0
3.0
16.0
-11.0
-3.141592653589793
0.0
3.0
YoinkFrom
23.0
11.0
3.141592653589793
0.0
3.0
33.87
5.8
1.9074711461816238
3.0
3.0
34.59
-3.4
2.2115800509724046
0.0
3.0
YoinkTo
32.25
5.5
-3.141592653589793
0.0
3.0
23.0
11.0
-3.141592653589793
0.0
3.0
GoToTrenchFromLine
32.25
5.0
-3.141592653589793
0.0
3.0
23.0
11.0
-3.141592653589793
0.0
3.0
ReturnToShooting
23.0
11.0
-3.141592653589793
0.0
3.0
37.44
-1.56
1.5912009710799624
3.0
3.0
32.29
-5.28
0.08726646259971647
0.0
3.0
PickUpBallsFromGenerator
32.29
-5.28
0.08726646259971647
0.0
3.0
27.45
2.57
-1.4181469983996315
3.0
3.0
21.25
-4.25
-1.1780972450961724
0.0
3.0
FinalShots
21.25
-4.25
-1.1780972450961724
0.0
3.0
32.25
-5.5
0.0
0.0
3.0
